[0m [38;5;1m                               [38;5;236m▄[38;5;139;48;5;236m▄[38;5;224;48;5;59m▄[48;5;239m▄[0m[38;5;138m▄[38;5;243m▄[38;5;138m▄[38;5;241m▄                    [0m
 [38;5;1m            [38;5;237m▄[38;5;59m▄[38;5;218;48;5;59m▄[38;5;224;48;5;138m▄[48;5;244m▄[38;5;181;48;5;238m▄[0m[38;5;239m▄           [38;5;238m▄[38;5;182;48;5;244m▄[38;5;181;48;5;182m▄[38;5;139m▄[48;5;224m  [38;5;224;48;5;181m▄[48;5;182m▄[48;5;224m [38;5;182;48;5;243m▄[0m[38;5;238m▄                  [0m
 [38;5;1m          [38;5;138;48;5;236m▄[38;5;224;48;5;102m▄[38;5;139;48;5;138m▄[38;5;224;48;5;181m▄[48;5;224m [38;5;218m▄[38;5;138;48;5;181m▄[38;5;181;48;5;218m▄[38;5;218;48;5;181m▄[38;5;138;48;5;8m▄[0m[38;5;235m▄        ▄[38;5;181;48;5;244m▄[38;5;139;48;5;218m▄[38;5;138;48;5;96m▄[38;5;95m▄[38;5;181;48;5;182m▄[48;5;224m     [38;5;182;48;5;138m▄[0m[38;5;8m▄                 [0m
 [38;5;1m         [38;5;59;48;5;237m▄[38;5;224;48;5;182m▄[48;5;224m    [38;5;182;48;5;218m▄[38;5;102;48;5;138m▄[38;5;138;48;5;96m▄[38;5;96;48;5;139m▄[38;5;175;48;5;218m▄[38;5;139;48;5;240m▄[0m[38;5;235m▄       [38;5;243;48;5;238m▄[38;5;181;48;5;224m▄[38;5;132;48;5;95m▄[38;5;211;48;5;175m▄[48;5;132m [38;5;59;48;5;96m▄[38;5;175;48;5;182m▄[38;5;218;48;5;224m▄    [38;5;139;48;5;243m▄[0m[38;5;139m                 [0m
 [38;5;1m         [38;5;244;48;5;243m▄[48;5;224m     [48;5;182m [38;5;242;48;5;96m▄[48;5;175m [38;5;211m▄[38;5;138;48;5;95m▄[48;5;182m▄[48;5;239m▄[0m[38;5;237m▄[38;5;243m▄[38;5;139;48;5;235m▄[38;5;218;48;5;237m▄[38;5;224;48;5;240m▄[48;5;241m▄▄[38;5;181;48;5;138m▄[38;5;139m▄[38;5;138;48;5;175m▄[38;5;96m▄[38;5;239;48;5;96m▄[0m[7m[38;5;239m▄[38;5;240m▄[0m[38;5;240;48;5;181m▄[38;5;175;48;5;182m▄[38;5;182;48;5;224m▄▄▄[38;5;138;48;5;181m▄[0m[7m[38;5;235m▄[0m[38;5;1m                [0m
 [38;5;1m         [38;5;244;48;5;138m▄[48;5;224m    [38;5;182;48;5;218m▄[38;5;139;48;5;181m▄[38;5;237;48;5;240m▄[38;5;240;48;5;138m▄[38;5;138;48;5;175m▄▄[38;5;132;48;5;96m▄[48;5;182m [38;5;224;48;5;139m▄[38;5;145;48;5;224m▄[38;5;102m▄[38;5;101;48;5;218m▄[38;5;143;48;5;182m▄[38;5;185;48;5;145m▄[48;5;139m▄▄[38;5;143;48;5;181m▄[38;5;101m▄[48;5;139m [38;5;175;48;5;238m▄[0m[38;5;238m▄  [7m[38;5;8m▄[38;5;243m▄[0m[38;5;235;48;5;138m▄[0m[7m[38;5;138m▄[38;5;238m▄[0m[38;5;1m                 [0m
 [38;5;1m         [38;5;239;48;5;243m▄[48;5;224m  [38;5;218m▄[38;5;182;48;5;218m▄[38;5;175;48;5;182m▄[38;5;8;48;5;95m▄[0m[38;5;8m  [48;5;237m▄[38;5;139;48;5;138m▄[48;5;181m▄[38;5;143m▄[38;5;185;48;5;101m▄[48;5;143m▄[48;5;185m     [38;5;143;48;5;179m▄[38;5;185;48;5;143m▄[48;5;179m▄[48;5;143m▄[38;5;101;48;5;139m▄[38;5;181;48;5;138m▄[0m[38;5;238m▄                       [0m
 [38;5;1m         [7m[38;5;236m▄[0m[38;5;239;48;5;139m▄[38;5;139;48;5;182m▄▄[38;5;241;48;5;181m▄[0m[7m[38;5;59m▄[0m[38;5;1m  [38;5;236m▄[38;5;139;48;5;96m▄[38;5;138;48;5;181m▄[38;5;185;48;5;101m▄[38;5;101;48;5;185m▄[38;5;143m▄▄ [38;5;240m▄[38;5;66;48;5;143m▄▄[38;5;241;48;5;185m▄[38;5;185;48;5;179m▄[48;5;101m▄[48;5;185m   [38;5;101;48;5;138m▄[38;5;102;48;5;95m▄[0m[38;5;102m                       [0m
 [38;5;1m           [7m[38;5;235m▄▄[0m[38;5;1m    [48;5;237m [48;5;181m [48;5;244m [48;5;185m  [38;5;101;48;5;143m▄[48;5;185m [38;5;59;48;5;101m▄[38;5;66;48;5;67m▄ [38;5;67;48;5;66m▄[38;5;60;48;5;67m▄[48;5;59m▄[38;5;240;48;5;143m▄[38;5;60;48;5;185m▄[38;5;66m▄[38;5;143m▄[48;5;101m▄[48;5;139m [38;5;59;48;5;235m▄[0m[38;5;59m                      [0m
 [38;5;1m                 [38;5;235;48;5;236m▄[38;5;138;48;5;175m▄[48;5;102m▄[38;5;143;48;5;185m▄  [38;5;101m▄[38;5;238;48;5;240m▄[38;5;60;48;5;66m▄[38;5;67;48;5;239m▄[48;5;240m▄[48;5;66m▄[48;5;67m    [48;5;66m▄[38;5;59;48;5;101m▄[38;5;181;48;5;175m▄[48;5;138m [38;5;95;48;5;236m▄[0m[38;5;95m                     [0m
 [38;5;1m                  [38;5;139;48;5;175m▄[38;5;182m▄[38;5;243;48;5;137m▄[38;5;179;48;5;185m▄[38;5;66;48;5;143m▄[38;5;67;48;5;60m▄[48;5;67m   [38;5;60m▄[38;5;239m▄[38;5;240m▄[38;5;8m▄[38;5;239m▄▄[38;5;95;48;5;60m▄[48;5;138m [38;5;132m▄ [38;5;182;48;5;139m▄[38;5;181;48;5;241m▄[0m[38;5;239m▄                   [0m
 [38;5;1m                [38;5;236m▄[38;5;239;48;5;236m▄[48;5;96m [48;5;138m [38;5;96;48;5;181m▄[38;5;138;48;5;244m▄[38;5;139;48;5;66m▄[48;5;67m  [38;5;60m▄[38;5;241;48;5;60m▄[38;5;138;48;5;240m▄[38;5;175;48;5;60m▄[48;5;242m▄[38;5;132;48;5;102m▄[38;5;175;48;5;96m▄[38;5;95;48;5;139m▄[48;5;96m [38;5;182m▄[38;5;224;48;5;139m▄[48;5;182m▄  [38;5;182;48;5;139m▄[38;5;241;48;5;237m▄[0m[38;5;241m                  [0m
 [38;5;1m            [38;5;236m▄[38;5;239m▄[38;5;66;48;5;237m▄[38;5;59;48;5;238m▄[38;5;95;48;5;8m▄[38;5;182;48;5;138m▄[48;5;181m▄[48;5;138m▄[48;5;132m▄[38;5;139;48;5;138m▄[38;5;138;48;5;132m▄[38;5;96;48;5;95m▄[48;5;240m▄[38;5;95m▄[38;5;175;48;5;138m▄[48;5;132m▄[38;5;95;48;5;96m▄[48;5;132m▄[48;5;138m▄[38;5;240;48;5;175m▄[38;5;139;48;5;240m▄[38;5;224;48;5;181m▄[48;5;224m   [48;5;218m [48;5;182m  [38;5;182;48;5;139m▄[38;5;240;48;5;237m▄[0m[38;5;240m                 [0m
 [38;5;1m         [38;5;236m▄[38;5;239m▄[38;5;66;48;5;238m▄[48;5;60m [38;5;60;48;5;66m▄[38;5;240;48;5;60m▄[48;5;8m▄[38;5;182;48;5;175m▄[48;5;182m   [38;5;224m▄[48;5;218m▄▄[48;5;139m▄[48;5;95m▄[38;5;181;48;5;143m▄[38;5;138;48;5;95m▄[38;5;239m▄[38;5;240;48;5;96m▄[38;5;139;48;5;240m▄[38;5;218;48;5;241m▄[38;5;224;48;5;181m▄[48;5;224m    [38;5;218m▄[48;5;182m  ▄▄[38;5;138;48;5;95m▄[0m[38;5;138m                 [0m
 [38;5;1m        [38;5;238;48;5;235m▄[38;5;67;48;5;239m▄[38;5;60;48;5;66m▄[48;5;60m  [38;5;240m▄[38;5;239;48;5;59m▄[38;5;96;48;5;95m▄[48;5;182m    [38;5;181;48;5;224m▄[38;5;239;48;5;181m▄[38;5;131;48;5;95m▄[38;5;240m▄[38;5;139;48;5;244m▄[38;5;218;48;5;242m▄[38;5;224;48;5;244m▄[48;5;181m▄[48;5;224m       [38;5;182;48;5;218m▄[48;5;182m   [48;5;224m  [38;5;218;48;5;181m▄[38;5;240;48;5;236m▄[0m[38;5;240m                [0m
 [38;5;1m       [38;5;238;48;5;237m▄[38;5;67;48;5;66m▄[48;5;67m [48;5;60m [38;5;59m▄[38;5;66;48;5;59m▄[48;5;60m▄[38;5;59;48;5;240m▄[38;5;239;48;5;241m▄[38;5;182;48;5;181m▄[38;5;175;48;5;139m▄[38;5;243;48;5;181m▄[38;5;181;48;5;182m▄[38;5;182;48;5;181m▄[38;5;242;48;5;239m▄[38;5;238;48;5;95m▄[38;5;139;48;5;138m▄[48;5;182m [48;5;224m       [38;5;218m▄[38;5;182;48;5;218m▄[48;5;182m  [38;5;138m▄[48;5;175m▄[38;5;95;48;5;102m▄[38;5;182;48;5;224m▄  [38;5;218;48;5;138m▄[38;5;239;48;5;237m▄[0m[7m[38;5;236m▄[0m[38;5;1m [7m[38;5;237m▄▄▄[0m[38;5;235m▄         [0m
 [38;5;1m       [38;5;8;48;5;238m▄[48;5;67m [48;5;66m [38;5;66;48;5;60m▄[38;5;60;48;5;66m▄[38;5;66;48;5;60m▄[48;5;66m [38;5;238;48;5;240m▄[38;5;139;48;5;96m▄[48;5;182m  [38;5;182;48;5;139m▄[38;5;139;48;5;95m▄[38;5;95;48;5;181m▄[38;5;243;48;5;239m▄[48;5;95m [38;5;239;48;5;102m▄[38;5;181;48;5;182m▄ [38;5;182;48;5;224m▄▄▄▄[48;5;218m▄[48;5;182m  [38;5;139m▄[38;5;95;48;5;181m▄[38;5;175;48;5;96m▄[38;5;182;48;5;138m▄[38;5;173;48;5;175m▄[48;5;95m [38;5;218;48;5;224m▄   [38;5;139;48;5;244m▄[38;5;8;48;5;236m▄[0m[38;5;8m   [38;5;242;48;5;243m▄[48;5;235m▄[0m[38;5;242m         [0m
 [38;5;1m       [7m[38;5;235m▄[0m[38;5;8;48;5;59m▄[38;5;66;48;5;67m▄[38;5;67;48;5;60m▄[38;5;60;48;5;66m▄[38;5;66;48;5;60m▄[38;5;60;48;5;66m▄[38;5;59;48;5;238m▄[38;5;182;48;5;181m▄[48;5;182m  [48;5;224m [38;5;138;48;5;181m▄[38;5;185;48;5;143m▄▄[38;5;95;48;5;240m▄[48;5;131m▄[48;5;240m▄[38;5;239;48;5;175m▄[38;5;95;48;5;181m▄[38;5;96;48;5;182m▄▄[38;5;95m▄[48;5;181m▄[38;5;101;48;5;138m▄[38;5;244;48;5;242m▄[38;5;96;48;5;138m▄[38;5;95;48;5;181m▄▄[48;5;95m [38;5;239m▄[38;5;181;48;5;102m▄[38;5;224;48;5;218m▄[48;5;224m   [38;5;182;48;5;181m▄[38;5;238;48;5;8m▄[0m[38;5;238m  [38;5;244m▄[38;5;182m▄[38;5;243;48;5;248m▄[38;5;137;48;5;236m▄ [0m[38;5;137m       [0m
 [38;5;1m     [38;5;238m▄[38;5;95m▄[38;5;137;48;5;240m▄[38;5;180;48;5;101m▄[38;5;137;48;5;238m▄[38;5;239;48;5;67m▄ [38;5;67;48;5;60m▄[38;5;60;48;5;239m▄[48;5;95m [48;5;182m   [38;5;218;48;5;224m▄[38;5;144;48;5;138m▄[48;5;185m   [38;5;185;48;5;143m▄[48;5;101m▄[48;5;95m▄▄[48;5;143m▄▄[48;5;185m    [48;5;143m▄[48;5;95m▄▄[48;5;101m▄[48;5;143m▄[48;5;181m [48;5;224m  [38;5;218m▄[38;5;182;48;5;218m▄[48;5;181m [48;5;240m [48;5;181m▄▄[38;5;181;48;5;182m▄[48;5;244m [38;5;137;48;5;101m▄[48;5;180m [38;5;180;48;5;95m▄[38;5;95;48;5;236m▄[0m[38;5;95m      [0m
 [38;5;1m      [38;5;95m▄[38;5;137;48;5;101m▄[48;5;180m▄[38;5;180;48;5;143m▄[38;5;240;48;5;95m▄[38;5;8;48;5;239m▄[38;5;240;48;5;60m▄[38;5;243;48;5;240m▄[38;5;95;48;5;239m▄[38;5;139;48;5;138m▄[38;5;181m▄[48;5;175m▄[38;5;175;48;5;182m▄[38;5;181;48;5;139m▄[48;5;185m                  [38;5;139;48;5;181m▄[48;5;224m▄[38;5;181;48;5;139m▄[48;5;102m▄[38;5;218;48;5;243m▄[48;5;242m▄[38;5;181;48;5;238m▄[38;5;101;48;5;242m▄[38;5;239m▄[38;5;240;48;5;95m▄[38;5;95;48;5;101m▄[38;5;138;48;5;179m▄[38;5;101;48;5;137m▄[38;5;237;48;5;95m▄[0m[38;5;237m       [0m
 [38;5;1m       [38;5;95;48;5;138m▄[48;5;180m [38;5;138;48;5;101m▄[38;5;182;48;5;240m▄[38;5;139;48;5;137m▄[38;5;244;48;5;138m▄[48;5;101m [38;5;137m▄[48;5;137m [48;5;181m▄▄[38;5;180;48;5;248m▄[48;5;138m▄[48;5;143m▄▄▄[38;5;179;48;5;185m▄[38;5;143m▄[38;5;101m▄[38;5;143m▄[38;5;137m▄[38;5;143m▄▄▄▄[48;5;137m [38;5;179;48;5;143m▄[38;5;137m▄[38;5;143;48;5;185m▄[38;5;137m▄[48;5;143m [48;5;137m [38;5;180;48;5;101m▄[38;5;143;48;5;137m▄[38;5;101;48;5;144m▄[48;5;138m▄▄[38;5;138;48;5;137m▄[38;5;180m▄[38;5;138;48;5;101m▄[38;5;139;48;5;244m▄[48;5;139m [38;5;243;48;5;244m▄[38;5;237;48;5;95m▄[0m[38;5;237m        [0m
 [38;5;1m        [38;5;101;48;5;95m▄[38;5;180;48;5;101m▄[38;5;101;48;5;102m▄[38;5;243;48;5;146m▄[38;5;244m▄[38;5;243;48;5;138m▄[38;5;138;48;5;180m▄ [38;5;180;48;5;138m▄[38;5;144;48;5;95m▄[38;5;145;48;5;244m▄[38;5;182;48;5;95m▄[48;5;101m▄[38;5;146m▄[38;5;180m▄[38;5;216;48;5;137m▄[38;5;180m▄[48;5;101m▄[48;5;137m▄[38;5;246m▄[38;5;145m▄▄[38;5;249m▄[38;5;145m▄[38;5;138m▄[38;5;180;48;5;95m▄▄[48;5;101m▄▄[48;5;95m▄[38;5;246;48;5;243m▄[38;5;146;48;5;244m▄[48;5;139m▄[38;5;139;48;5;249m▄[38;5;102;48;5;247m▄[38;5;59;48;5;180m▄[38;5;95m▄[38;5;242m▄[38;5;101;48;5;137m▄[38;5;180;48;5;95m▄[38;5;138;48;5;101m▄[38;5;59;48;5;138m▄[0m[7m[38;5;235m▄[0m[38;5;1m        [0m
 [38;5;1m    [38;5;102;48;5;237m▄[38;5;146;48;5;103m▄[38;5;110m▄[38;5;145;48;5;239m▄[38;5;242m▄[38;5;137;48;5;138m▄[38;5;243;48;5;180m▄[38;5;137m▄[38;5;95;48;5;138m▄[38;5;246;48;5;244m▄[38;5;180;48;5;101m▄▄[48;5;95m▄▄[48;5;241m▄[48;5;96m▄[38;5;102;48;5;244m▄ [38;5;138;48;5;243m▄[48;5;137m [38;5;137;48;5;138m▄[38;5;101m▄▄▄[48;5;246m▄[38;5;242;48;5;139m▄[38;5;101m▄[38;5;137m▄[48;5;103m▄[48;5;101m▄[38;5;138;48;5;137m▄▄[38;5;180;48;5;101m▄[38;5;138;48;5;95m▄▄[38;5;180;48;5;242m▄[48;5;95m▄[38;5;216;48;5;101m▄[38;5;180;48;5;138m▄[38;5;138;48;5;180m▄[38;5;101m▄[38;5;138;48;5;246m▄[48;5;95m▄[48;5;137m▄[38;5;244;48;5;242m▄[38;5;241;48;5;95m▄[38;5;109;48;5;237m▄[38;5;144;48;5;101m▄[38;5;110;48;5;59m▄[0m[38;5;242m▄     [0m
 [38;5;1m   [38;5;236;48;5;235m▄[38;5;248;48;5;109m▄[38;5;116;48;5;146m▄[38;5;145m▄[38;5;110;48;5;116m▄[38;5;145;48;5;244m▄[38;5;242;48;5;137m▄[38;5;243;48;5;244m▄[38;5;109;48;5;137m▄[38;5;244;48;5;138m▄[38;5;95m▄[38;5;180;48;5;137m▄[38;5;223;48;5;138m▄[38;5;180m▄[38;5;247m▄[48;5;180m [38;5;180;48;5;138m▄  [38;5;137;48;5;180m▄[48;5;216m▄[38;5;138;48;5;180m▄▄▄[38;5;101m▄[38;5;95m▄[38;5;244;48;5;246m▄[38;5;95;48;5;180m▄[38;5;101;48;5;216m▄[38;5;138m▄▄[38;5;101m▄[48;5;180m [38;5;180;48;5;138m▄[38;5;144;48;5;246m▄[38;5;180;48;5;138m▄[38;5;216;48;5;95m▄[38;5;223;48;5;138m▄[38;5;248;48;5;102m▄[48;5;138m [38;5;180;48;5;223m▄[38;5;95;48;5;217m▄[38;5;96;48;5;180m▄[38;5;95m▄[48;5;138m▄[48;5;243m▄[48;5;101m [38;5;109;48;5;145m▄[38;5;244;48;5;152m▄[38;5;103;48;5;248m▄[38;5;244;48;5;185m▄[38;5;237;48;5;235m▄[0m[38;5;237m    [0m
 [38;5;1m  [38;5;95m▄[38;5;139;48;5;236m▄[38;5;116;48;5;242m▄[38;5;248;48;5;95m▄[38;5;217m▄[38;5;248;48;5;242m▄[38;5;59;48;5;102m▄[38;5;248;48;5;243m▄[38;5;139;48;5;248m▄[48;5;109m▄▄[38;5;248;48;5;244m▄[38;5;241;48;5;101m▄[38;5;138;48;5;180m▄▄[38;5;102;48;5;246m▄[38;5;95;48;5;180m▄[38;5;101;48;5;223m▄[38;5;138m▄[38;5;180m▄▄[38;5;138m▄[38;5;137;48;5;180m▄[38;5;246;48;5;139m▄[38;5;138;48;5;223m▄[38;5;180m▄   ▄[38;5;138m▄[38;5;244;48;5;138m▄ [38;5;138;48;5;223m▄▄▄[38;5;137m▄[38;5;138m▄[48;5;144m▄[48;5;246m▄[38;5;101;48;5;244m▄[38;5;244;48;5;95m▄[38;5;248;48;5;175m▄[48;5;139m▄[38;5;175;48;5;109m▄[38;5;217;48;5;243m▄[38;5;95;48;5;241m▄[48;5;244m [38;5;175;48;5;95m▄[48;5;138m [38;5;182;48;5;246m▄[38;5;248;48;5;102m▄[48;5;242m▄[38;5;103;48;5;236m▄[0m[38;5;239m▄  [0m
 [38;5;239m▄[38;5;175;48;5;243m▄[38;5;109;48;5;139m▄[38;5;175;48;5;217m▄[48;5;139m▄[48;5;116m [38;5;139;48;5;175m▄[38;5;175;48;5;139m▄[38;5;138;48;5;243m▄[38;5;175;48;5;116m▄[38;5;248;48;5;152m▄[38;5;145m▄[38;5;248m▄[38;5;138m▄[38;5;242;48;5;103m▄[38;5;143;48;5;95m▄[38;5;145;48;5;244m▄▄[48;5;138m [38;5;95;48;5;181m▄[38;5;138;48;5;217m▄[48;5;247m [48;5;138m [38;5;217;48;5;181m▄[48;5;138m▄▄▄▄▄[38;5;139;48;5;102m▄[38;5;144;48;5;101m▄[38;5;223;48;5;138m▄▄▄▄[38;5;101;48;5;180m▄[38;5;185;48;5;137m▄[38;5;180;48;5;241m▄[38;5;144;48;5;101m▄[38;5;248;48;5;242m▄[38;5;185;48;5;95m▄[38;5;101;48;5;138m▄[38;5;240;48;5;95m▄[38;5;175;48;5;217m▄▄[38;5;144;48;5;175m▄[38;5;143;48;5;180m▄[48;5;211m▄[38;5;175;48;5;138m▄[38;5;240;48;5;241m▄[48;5;175m [48;5;139m [48;5;146m [48;5;250m [48;5;109m [48;5;248m [38;5;146;48;5;139m▄[0m[38;5;235m▄ [0m
[38;5;107m▄[38;5;242;48;5;95m▄[38;5;175;48;5;217m▄[38;5;247;48;5;109m▄[48;5;139m [38;5;175;48;5;217m▄[38;5;246;48;5;109m▄[38;5;102;48;5;247m▄[38;5;138;48;5;132m▄[38;5;102;48;5;244m▄[38;5;152;48;5;248m▄[48;5;139m▄▄[38;5;116m▄[38;5;243;48;5;242m▄[38;5;248;48;5;146m▄[38;5;144;48;5;143m▄[38;5;249;48;5;146m▄[38;5;138;48;5;182m▄[38;5;145;48;5;139m▄[38;5;182m▄[38;5;144;48;5;102m▄[48;5;242m [48;5;102m▄[38;5;180;48;5;101m▄[38;5;216;48;5;138m▄ [38;5;247m▄[38;5;180m▄[38;5;144m▄[38;5;138;48;5;246m▄[48;5;137m▄[38;5;180;48;5;138m▄▄[38;5;247m▄[38;5;95;48;5;137m▄[38;5;143;48;5;101m▄[38;5;186;48;5;144m▄[38;5;144;48;5;179m▄[48;5;145m▄[38;5;186;48;5;185m▄[48;5;186m [38;5;144m▄[38;5;145;48;5;138m▄[38;5;137;48;5;95m▄[38;5;138;48;5;175m▄[38;5;180;48;5;143m▄[48;5;138m [38;5;174;48;5;143m▄[38;5;175;48;5;217m▄[48;5;95m [38;5;138;48;5;175m▄[38;5;95;48;5;139m▄[38;5;244;48;5;182m▄[38;5;247;48;5;145m▄[38;5;103;48;5;109m▄[38;5;242;48;5;103m▄[38;5;101;48;5;244m▄[38;5;150;48;5;101m▄[0m[38;5;107m▄[0m
[7m[38;5;143m▄[0m[38;5;143;48;5;144m▄[38;5;150;48;5;242m▄[38;5;143;48;5;243m▄[38;5;242;48;5;244m▄[38;5;59;48;5;138m▄[38;5;107;48;5;243m▄[38;5;144;48;5;101m▄[38;5;107;48;5;95m▄[48;5;59m▄[38;5;242;48;5;138m▄[38;5;103;48;5;247m▄[38;5;246m▄[38;5;103;48;5;246m▄[38;5;59;48;5;243m▄[38;5;246;48;5;143m▄[38;5;182;48;5;248m▄[38;5;145;48;5;139m▄[38;5;139;48;5;180m▄[48;5;139m [38;5;144;48;5;249m▄[48;5;143m▄[38;5;182;48;5;146m▄[38;5;240;48;5;95m▄[38;5;242;48;5;101m▄[38;5;107m▄ [38;5;59;48;5;244m▄[38;5;95;48;5;180m▄▄▄▄[38;5;101;48;5;138m▄[48;5;95m▄[38;5;241;48;5;102m▄[48;5;101m [38;5;59m▄[38;5;143;48;5;185m▄[38;5;139;48;5;248m▄[38;5;185;48;5;143m▄[48;5;186m▄▄[38;5;139;48;5;248m▄[38;5;185;48;5;144m▄[38;5;179;48;5;185m▄[38;5;241;48;5;95m▄[38;5;244;48;5;175m▄▄[38;5;246;48;5;139m▄[38;5;241;48;5;244m▄[38;5;107;48;5;59m▄[38;5;143;48;5;241m▄[38;5;150;48;5;107m▄[38;5;144;48;5;101m▄[38;5;107;48;5;59m▄[38;5;144;48;5;242m▄[38;5;150;48;5;143m▄[48;5;150m [38;5;143m▄[0m[7m[38;5;143m▄[0m
 [38;5;1m  [7m[38;5;107m▄[38;5;150m▄[38;5;143m▄[0m[38;5;107;48;5;150m▄   [38;5;150;48;5;143m▄[48;5;242m▄▄[38;5;143m▄[48;5;101m▄[38;5;107;48;5;244m▄[38;5;241;48;5;139m▄[38;5;95m▄[38;5;96;48;5;249m▄[38;5;103;48;5;146m▄[38;5;244;48;5;144m▄[38;5;241;48;5;247m▄[38;5;101;48;5;244m▄[38;5;150;48;5;101m▄[48;5;150m [48;5;144m▄▄[48;5;150m [38;5;143m▄[38;5;107m▄  [38;5;150;48;5;143m▄[48;5;150m   [48;5;143m▄[38;5;144;48;5;101m▄[38;5;101;48;5;244m▄[38;5;241;48;5;143m▄[38;5;101;48;5;244m▄[48;5;143m▄[38;5;241;48;5;139m▄[38;5;101;48;5;143m▄[38;5;144;48;5;241m▄[38;5;150;48;5;101m▄[48;5;95m▄▄[38;5;107;48;5;59m▄[38;5;143;48;5;107m▄[48;5;150m   [38;5;101m▄[0m[7m[38;5;150m▄▄[38;5;107m▄[0m[38;5;1m   [0m
 [38;5;1m         [7m[38;5;65m▄[38;5;101m▄[38;5;143m▄[38;5;150m▄▄▄▄[38;5;143m▄[0m[38;5;59;48;5;101m▄[38;5;65m▄[38;5;101;48;5;107m▄[48;5;144m▄[38;5;107;48;5;150m▄[38;5;143m▄[38;5;144m▄▄  [38;5;150;48;5;144m▄[48;5;143m▄[48;5;144m▄[48;5;150m   [38;5;144m▄▄[38;5;143m▄[38;5;107m▄[38;5;101m▄▄[38;5;65m▄[38;5;59m▄[0m[7m[38;5;150m▄▄▄▄▄[38;5;143m▄[38;5;101m▄[38;5;65m▄[0m[38;5;1m          [0m
