[0m                         [38;5;235m▄[38;5;236m▄[38;5;237m▄▄[48;5;235m▄[48;5;236m▄▄[38;5;239;48;5;237m▄[38;5;240m▄▄[48;5;236m▄▄[38;5;237;48;5;235m▄[0m[38;5;237m▄▄[0m                           [0m
                     [38;5;236m▄[38;5;237m▄[48;5;236m▄[38;5;101;48;5;237m▄[38;5;143m▄[38;5;185;48;5;238m▄[48;5;101m▄[48;5;143m▄▄[48;5;185m▄▄▄▄▄▄▄▄[48;5;143m▄[48;5;238m▄[38;5;240;48;5;237m▄[38;5;237;48;5;235m▄[0m                         [0m
                  [38;5;235m▄[38;5;237;48;5;235m▄[38;5;240;48;5;237m▄[38;5;185m▄[48;5;101m▄[48;5;185m▄▄▄▄▄▄▄▄▄▄[38;5;143m▄[38;5;101;48;5;143m▄[38;5;185;48;5;101m▄[38;5;143;48;5;143m▄[48;5;185m▄[38;5;185m▄▄▄[38;5;143;48;5;239m▄[38;5;237;48;5;236m▄[0m                        [0m
                 [38;5;237m▄[38;5;238;48;5;237m▄[38;5;185;48;5;241m▄[48;5;185m▄[38;5;143m▄[38;5;185m▄▄▄▄▄▄▄[38;5;143m▄▄▄[38;5;185m▄[48;5;143m▄[38;5;101;48;5;185m▄[38;5;241m▄[38;5;185m▄▄▄▄▄▄[38;5;143;48;5;238m▌[0m[38;5;237m▌[0m                       [0m
                [7m[38;5;236m▌[0m[38;5;237;48;5;237m▄[38;5;101;48;5;185m▌[38;5;185m▄▄[48;5;186m▄[38;5;143;48;5;101m▄[38;5;101;48;5;185m▄▄[38;5;143m▄[38;5;185m▄[38;5;239;48;5;143m▄[38;5;31;48;5;239m▄[48;5;240m▄[48;5;241m▄[48;5;239m▄[38;5;241;48;5;101m▄[38;5;240;48;5;185m▄[38;5;185;48;5;143m▌▄[48;5;185m▄▄▄▄▄▄[48;5;143m▌[38;5;238;48;5;237m▄[0m                       [0m
                [7m[38;5;237m▌[0m[38;5;237;48;5;237m▄[38;5;185;48;5;185m▄▄▄▄▄[48;5;101m▌[38;5;238;48;5;143m▄[38;5;185;48;5;185m▄[48;5;101m▌[38;5;237;48;5;31m▌[38;5;31m▄[38;5;66m▌[38;5;31m▄[48;5;66m▄[48;5;31m▄[48;5;66m▄[38;5;66;48;5;238m▄[38;5;237;48;5;101m▄[38;5;238;48;5;185m▄[38;5;242m▄[38;5;101m▄[38;5;186m▄[38;5;185m▄▄▄[38;5;101;48;5;238m▌[0m[38;5;236m▌[0m                      [0m
                [7m[38;5;236m▌[0m[38;5;237;48;5;238m▌[38;5;185;48;5;185m▄▄▄▄▄▄▄▄[38;5;101;48;5;237m▌[38;5;66;48;5;31m▌[38;5;59m▄[38;5;237m▄[38;5;239;48;5;66m▄[38;5;66;48;5;239m▄[38;5;31;48;5;238m▄[48;5;240m▄[48;5;66m▄[48;5;31m▄▄▄▄[48;5;66m▄[38;5;66;48;5;144m▄[38;5;185;48;5;185m▄▄▄[38;5;101;48;5;238m▌[0m[38;5;236m▄[0m                     [0m
                 [38;5;237;48;5;237m▄[38;5;143;48;5;185m▌[38;5;185m▄▄▄▄▄▄[38;5;239;48;5;143m▄[38;5;59;48;5;237m▄[38;5;31;48;5;238m▄[48;5;59m▄[48;5;31m▄▄▄▄▄▄▄▄▄▄▄[48;5;239m▌[38;5;59;48;5;185m▌[38;5;185m▄▄▄[48;5;241m▄[38;5;101;48;5;236m▄[0m[38;5;236m▄[0m                   [0m
                 [38;5;236;48;5;237m▌[38;5;143;48;5;185m▌[38;5;185m▄▄▄▄[48;5;101m▌[38;5;31;48;5;59m▄[48;5;31m▄▄▄▄▄▄[38;5;59m▄[38;5;237m▄[38;5;238;48;5;66m▄▄[38;5;237m▄[48;5;31m▄[38;5;239m▄[38;5;238m▄[38;5;237;48;5;66m▄[38;5;143;48;5;238m▄[38;5;185;48;5;185m▄▄▄▄▄▄[38;5;143;48;5;239m▄[38;5;238;48;5;236m▄[0m[38;5;235m▄[0m                 [0m
                 [38;5;236;48;5;240m▌[38;5;185;48;5;143m▄[48;5;185m▄▄▄▄[48;5;101m▌[38;5;31;48;5;31m▄▄▄▄▄[38;5;59m▄[38;5;238;48;5;240m▄[38;5;66;48;5;238m▄[38;5;240;48;5;66m▄[38;5;59;48;5;31m▄[38;5;101;48;5;241m▄[38;5;185;48;5;240m▄[48;5;101m▄▄▄[48;5;143m▄[48;5;185m▄▄▄▄▄▄▄▄[48;5;101m▄[38;5;240;48;5;237m▄[0m[38;5;236m▄[0m                [0m
             [38;5;236m▄[38;5;237m▄[48;5;235m▄[38;5;239;48;5;237m▄[38;5;101;48;5;185m▌[38;5;185m▄▄▄▄▄▄[48;5;243m▄[38;5;101;48;5;31m▄[38;5;241m▄[38;5;240m▄[38;5;101;48;5;66m▄[38;5;143;48;5;239m▄[38;5;185;48;5;143m▄▄[48;5;185m▄▄▄▄▄▄[38;5;143m▄[38;5;240;48;5;143m▄[38;5;185;48;5;185m▄▄▄▄▄▄▄▄▄[48;5;143m▄[38;5;101;48;5;237m▌[0m[38;5;236m▌[0m               [0m
         [38;5;236m▄[38;5;237m▄[38;5;59;48;5;236m▄[38;5;31;48;5;237m▄[38;5;66;48;5;240m▄[38;5;237;48;5;239m▄[38;5;101;48;5;237m▄[38;5;185;48;5;143m▄[48;5;185m▄▄▄▄▄▄▄▄▄▄▄▄▄▄▄▄▄▄▄[38;5;101m▄[38;5;238;48;5;101m▄[38;5;143;48;5;238m▄[38;5;185;48;5;186m▄[48;5;185m▄▄▄▄▄▄▄▄▄▄[48;5;143m▌[38;5;238;48;5;237m▄[0m[38;5;235m▌[0m              [0m
      [38;5;236m▄[38;5;237;48;5;235m▄[38;5;66;48;5;237m▄[38;5;31;48;5;239m▄[38;5;66;48;5;31m▄[38;5;59m▄[38;5;239m▄[38;5;237;48;5;239m▄[48;5;101m▌[38;5;185;48;5;185m▄▄▄▄▄▄▄▄▄▄[48;5;101m▄[38;5;143m▄[38;5;101;48;5;143m▄[48;5;185m▄▄▄▄▄[38;5;240m▄[38;5;238;48;5;143m▄[38;5;101;48;5;239m▄[38;5;185;48;5;240m▄[48;5;185m▄▄▄▄▄▄▄▄▄▄▄▄▄▄[38;5;143;48;5;238m▌[0m[38;5;237m▌[0m              [0m
    [38;5;236m▄[38;5;239;48;5;236m▄[38;5;31;48;5;238m▄[38;5;66;48;5;31m▌[38;5;31;48;5;59m▌▄[38;5;66;48;5;240m▄▌[48;5;237m▌[38;5;237m▄[38;5;101;48;5;185m▌[38;5;185m▄▄▄▄▄▄▄▄▄[38;5;238m▄[38;5;240m▄[38;5;143m▄[38;5;101m▄[38;5;240m▄[38;5;238m▄[38;5;101;48;5;101m▄[38;5;143;48;5;237m▄[38;5;185;48;5;238m▄[48;5;101m▄[48;5;185m▄▄▄▄▄▄▄▄▄▄▄▄▄▄▄▄▄[48;5;143m▌[38;5;237;48;5;236m▌[0m              [0m
   [38;5;237;48;5;236m▄[38;5;31;48;5;238m▄[48;5;31m▄[48;5;239m▌[38;5;66;48;5;66m▄[38;5;238m▌[38;5;66;48;5;239m▌[48;5;59m▄[38;5;239;48;5;31m▌[38;5;66;48;5;237m▌[38;5;237m▄[38;5;185;48;5;185m▄▄▄▄▄▄▄[48;5;101m▌[38;5;239;48;5;240m▄[38;5;166;48;5;237m▄[38;5;95;48;5;130m▄[38;5;239;48;5;95m▄[38;5;143;48;5;237m▄[38;5;185;48;5;101m▄[48;5;143m▄[48;5;185m▄▄▄▄▄▄▄▄▄▄▄▄▄▄▄▄▄▄▄▄▄▄▄[38;5;143;48;5;239m▌[38;5;237;48;5;235m▄[0m             [0m
  [38;5;237;48;5;236m▄[38;5;240;48;5;31m▌[38;5;31m▄▄[38;5;238;48;5;66m▌[38;5;31;48;5;239m▌[48;5;241m▄[38;5;238;48;5;66m▌[38;5;66;48;5;238m▌[38;5;23;48;5;31m▄[38;5;239;48;5;59m▌[38;5;237;48;5;237m▄[38;5;101;48;5;143m▌[38;5;185;48;5;185m▄[48;5;143m▌[38;5;240m▄[38;5;143;48;5;185m▄[38;5;185m▄▄[48;5;143m▌[38;5;101;48;5;237m▄[38;5;239;48;5;130m▄[38;5;238;48;5;237m▌[38;5;101;48;5;185m▌[38;5;185m▄▄▄▄▄▄▄▄▄▄▄▄▄▄▄▄▄▄▄[38;5;101m▄[38;5;143;48;5;137m▌[38;5;95;48;5;101m▄[38;5;185;48;5;185m▄▄▄▄▄[38;5;101;48;5;238m▌[38;5;237;48;5;236m▄[0m            [0m
 [7m[38;5;237m▌[0m[38;5;237;48;5;238m▌[38;5;31;48;5;31m▄[38;5;66m▄[38;5;31m▄[38;5;240;48;5;66m▌[38;5;66m▄[48;5;239m▌[48;5;66m▄[38;5;239m▌[38;5;31;48;5;241m▌[38;5;66;48;5;59m▄[38;5;237;48;5;238m▄[38;5;101;48;5;185m▌[38;5;185m▄▄[48;5;143m▄[38;5;143;48;5;239m▄[38;5;239;48;5;143m▄[38;5;143;48;5;185m▄[38;5;185m▄[38;5;237;48;5;240m▄[38;5;130;48;5;239m▄[38;5;238;48;5;237m▌[38;5;101;48;5;185m▌[38;5;185m▄▄▄▄▄▄▄▄▄▄▄▄▄▄▄▄[38;5;143m▄[38;5;240;48;5;143m▄[38;5;143;48;5;59m▄[38;5;185;48;5;143m▄[38;5;179;48;5;95m▌[38;5;238;48;5;101m▌[38;5;185;48;5;143m▄[48;5;185m▄▄▄▄▄[38;5;101;48;5;237m▌[38;5;237;48;5;235m▌[0m           [0m
 [7m[38;5;234m▌[0m[38;5;237;48;5;237m▄[38;5;66;48;5;31m▌[38;5;31m▄[48;5;240m▄[38;5;239;48;5;31m▄[38;5;31;48;5;59m▄[38;5;66;48;5;240m▌[38;5;31;48;5;31m▄[38;5;59m▌[38;5;31;48;5;238m▌[38;5;239;48;5;237m▌[38;5;238;48;5;143m▌[38;5;185;48;5;185m▄▄▄▄▄[48;5;143m▄[38;5;143;48;5;239m▄[38;5;101;48;5;143m▄[48;5;101m▄[38;5;239;48;5;239m▄[38;5;95;48;5;95m▄[38;5;238;48;5;239m▄[38;5;101;48;5;185m▄[38;5;185m▄▄▄▄▄▄▄▄▄▄▄▄[38;5;101m▄[38;5;239m▄[38;5;101;48;5;101m▄[38;5;185m▄[48;5;185m▄▄[38;5;137m▄[38;5;95;48;5;166m▄[38;5;239;48;5;238m▌[38;5;143;48;5;185m▌[38;5;185m▄▄▄▄▄[48;5;101m▌[38;5;237;48;5;237m▄[0m[38;5;236m▌[0m          [0m
  [7m[38;5;235m▄[0m[38;5;237;48;5;238m▄[38;5;59;48;5;31m▄[38;5;31m▄[48;5;66m▄[38;5;66;48;5;239m▄[38;5;239;48;5;31m▄[38;5;31;48;5;66m▄▄[38;5;66;48;5;237m▌[38;5;238m▄[38;5;143;48;5;185m▌[38;5;185m▄▄▄▄▄▄▄▄▄[48;5;101m▌[38;5;237;48;5;239m▌[38;5;166;48;5;130m▌[38;5;130;48;5;238m▄[38;5;239;48;5;101m▄[38;5;238;48;5;185m▄[38;5;101m▄[38;5;143m▄[38;5;185m▄[38;5;143m▄▄[38;5;101m▄[38;5;240m▄[38;5;238;48;5;143m▄[48;5;101m▄[38;5;101;48;5;238m▄[38;5;143;48;5;101m▄[48;5;143m▄[38;5;101;48;5;185m▄▄[38;5;95;48;5;143m▄[48;5;240m▄[38;5;130;48;5;130m▄[38;5;237;48;5;59m▌[38;5;185;48;5;143m▄[48;5;185m▄▄▄▄▄▄▄[38;5;59;48;5;237m▌[38;5;237;48;5;235m▌[0m          [0m
    [38;5;236;48;5;237m▄[38;5;238;48;5;66m▄[38;5;31;48;5;31m▄▄[48;5;66m▄[48;5;239m▄[38;5;239;48;5;31m▄[38;5;237;48;5;237m▄[48;5;101m▌[38;5;185;48;5;185m▄▄▄▄▄▄▄▄▄▄▄[48;5;101m▄[48;5;240m▄[48;5;239m▄[38;5;101m▄[38;5;238;48;5;130m▄[38;5;240;48;5;95m▄[38;5;101;48;5;237m▄[38;5;185m▄[48;5;239m▄[48;5;59m▄[48;5;101m▄[48;5;143m▄[48;5;185m▄[48;5;143m▄[48;5;101m▄▄[38;5;101;48;5;238m▄[48;5;95m▄▄[38;5;238;48;5;166m▄[38;5;101;48;5;238m▄[38;5;185;48;5;59m▄[48;5;101m▄[48;5;185m▄▄▄▄▄▄▄▄[38;5;143;48;5;237m▌[38;5;237;48;5;235m▌[0m          [0m
     [7m[38;5;236m▄[0m[38;5;236;48;5;238m▄[38;5;238;48;5;31m▄[38;5;31m▄▄▄[38;5;66;48;5;237m▌[38;5;237;48;5;101m▌[38;5;185;48;5;185m▄▄▄▄▄▄▄▄▄▄▄▄▄▄▄▄▄▄▄▄▄▄▄▄▄▄▄▄▄▄▄▄▄▄▄▄▄[38;5;143m▄▄[38;5;101m▄▄[38;5;143m▄[48;5;237m▌[38;5;237;48;5;234m▌[0m          [0m
      [38;5;234m▄[38;5;236;48;5;237m▌[38;5;237;48;5;238m▄[48;5;240m▄[38;5;239;48;5;238m▄[38;5;101;48;5;237m▄▄[38;5;143;48;5;59m▄[48;5;101m▄▄[48;5;143m▄[38;5;101;48;5;185m▄[38;5;143m▄[38;5;185m▄▄▄▄▄▄▄▄▄▄▄▄▄▄▄▄▄▄▄▄▄▄▄▄▄▄▄▄▄▄[48;5;143m▄[48;5;101m▄▄▄▄[48;5;240m▄[48;5;238m▄[48;5;237m▄[38;5;101m▄[38;5;239;48;5;235m▄[0m[38;5;237m▄[0m       [0m
   [38;5;235m▄[38;5;238m▄[38;5;101;48;5;236m▄[38;5;185;48;5;237m▄[48;5;101m▄[48;5;143m▄[48;5;185m▄▄▄▄▄▄▄▄▄▄▄▄▄▄▄▄▄▄▄▄▄▄▄▄▄▄▄▄▄▄▄▄▄▄▄▄▄▄▄▄▄▄▄▄▄▄▄▄▄▄[48;5;101m▄[38;5;101;48;5;237m▄[0m[38;5;237m▄[0m     [0m
 [38;5;237m▄[38;5;238;48;5;235m▄[38;5;237;48;5;101m▄▄▄[38;5;101;48;5;185m▄▄▄[38;5;185m▄▄▄▄▄▄▄▄▄▄▄▄▄▄▄▄▄▄▄▄▄▄▄▄▄▄▄▄▄▄▄▄▄▄▄▄▄▄▄▄▄▄▄▄▄▄▄▄▄▄▄▄[48;5;101m▌[38;5;101;48;5;237m▄[0m[38;5;236m▄[38;5;235m▄[0m  [0m
[38;5;235;48;5;237m▌[38;5;239;48;5;166m▌[38;5;166m▄[48;5;95m▄[48;5;130m▄[48;5;95m▄[38;5;95;48;5;237m▄▄[38;5;237m▄[38;5;185;48;5;185m▄▄▄▄▄▄▄▄▄▄▄▄▄▄▄▄▄▄▄▄▄▄▄▄▄▄▄▄▄▄▄▄▄▄▄▄▄▄▄▄▄▄▄▄▄▄▄▄[48;5;101m▌[38;5;237m▄[48;5;239m▄[48;5;101m▄[38;5;95;48;5;237m▄▄[48;5;238m▄[38;5;166m▄[38;5;95;48;5;237m▌[0m[38;5;237m▌[0m
[7m[38;5;237m▌[0m[38;5;237;48;5;95m▌[38;5;166;48;5;166m▄▄▄▄▄[48;5;130m▄[38;5;130;48;5;237m▄[38;5;95;48;5;238m▄[38;5;239;48;5;143m▄[38;5;185;48;5;185m▄▄▄▄▄▄▄▄▄▄▄▄▄▄▄▄▄▄▄▄▄▄▄▄▄▄▄▄▄▄▄▄▄▄▄▄▄▄▄▄▄▄▄[48;5;143m▌[38;5;237;48;5;59m▄[38;5;95;48;5;237m▄[38;5;239m▄[38;5;130;48;5;238m▄[38;5;166;48;5;166m▄[48;5;95m▄[48;5;166m▄▄▄▄[38;5;95;48;5;237m▌[38;5;237;48;5;236m▌[0m
 [7m[38;5;237m▄[0m[38;5;237;48;5;95m▄[38;5;130;48;5;166m▄[38;5;166m▄▄▄▄▄[48;5;95m▌[38;5;238;48;5;101m▌[38;5;239;48;5;185m▄[38;5;185m▄▄▄▄▄▄▄▄▄▄▄▄▄▄▄▄▄▄▄▄▄▄▄▄▄▄▄▄▄▄▄▄▄▄▄▄▄▄▄▄[48;5;101m▌[38;5;95;48;5;241m▄[38;5;59;48;5;238m▌[38;5;95;48;5;237m▄[38;5;166;48;5;166m▄▄▄▄▄▄▄▄[38;5;239m▄[38;5;237;48;5;237m▄[0m[38;5;236m▌[0m
  [7m[38;5;235m▄[0m[38;5;235;48;5;237m▄[38;5;237;48;5;130m▄[38;5;95;48;5;166m▄[38;5;166m▄▄▄▄▄[38;5;130;48;5;241m▌[38;5;143;48;5;185m▌[38;5;185m▄▄▄▄▄▄▄▄▄▄▄▄▄▄▄▄▄▄▄▄▄▄▄▄▄▄▄▄[48;5;143m▄[38;5;143;48;5;239m▄[38;5;240;48;5;101m▄[38;5;238;48;5;185m▄[38;5;101m▄[38;5;143m▄[38;5;185m▄▄▄▄▄[48;5;101m▌[38;5;166;48;5;166m▄▄▄▄▄▄▄▄▄[38;5;239m▄[38;5;237;48;5;95m▄[48;5;237m▄[0m[7m[38;5;236m▄[0m [0m
    [7m[38;5;235m▄[38;5;237m▄[0m[38;5;236;48;5;238m▄[38;5;237;48;5;130m▄[38;5;239;48;5;166m▄[38;5;137m▄[38;5;143;48;5;173m▄[38;5;185;48;5;185m▄▄▄▄▄[38;5;143m▄[38;5;101m▄[38;5;240;48;5;101m▄[38;5;237;48;5;240m▄[38;5;235;48;5;101m▄[38;5;237;48;5;143m▄[38;5;238;48;5;185m▄[38;5;59m▄[38;5;101m▄▄[38;5;143m▄▄▄[38;5;185m▄▄▄▄▄▄[38;5;143m▄▄▄[38;5;101m▄▄[38;5;240m▄[38;5;238m▄[38;5;237;48;5;143m▄[38;5;236;48;5;101m▄[38;5;234;48;5;238m▄[0m[7m[38;5;237m▄[0m[38;5;235;48;5;237m▄[38;5;237;48;5;59m▄[48;5;101m▄[48;5;143m▄[38;5;239;48;5;185m▄[38;5;101m▄▄[38;5;130;48;5;166m▄▄[38;5;166m▄[38;5;130m▄[38;5;95m▄▄[38;5;237m▄[48;5;95m▄[48;5;237m▄[38;5;236m▄[0m[7m[38;5;237m▄[0m   [0m
        [7m[38;5;236m▄[38;5;237m▄[0m[38;5;234;48;5;237m▄[38;5;235;48;5;239m▄[48;5;240m▄[48;5;239m▄[38;5;234;48;5;238m▄[0m[7m[38;5;237m▄▄[38;5;236m▄[0m     [7m[38;5;235m▄[38;5;236m▄[38;5;237m▄▄▄▄[0m[38;5;234;48;5;237m▄[38;5;235m▄▄▄▄▄[38;5;234m▄[0m[7m[38;5;237m▄▄▄▄[38;5;236m▄[0m        [7m[38;5;236m▄[38;5;237m▄▄[0m[38;5;234;48;5;237m▄[38;5;236m▄▄[38;5;237m▄▄[38;5;236m▄[38;5;235m▄[0m[7m[38;5;237m▄▄[38;5;235m▄[0m     [0m
